                                                                                                                       
                                                                                                                       
                                                                                                                       
                                                                                                                       
                                                                                                                       
                                                                                                                       
                                                                                                                       
                                                                                                                       
                                                                                                                       
                                                                                                                       
                                                                                                                      7
                                                                                                                      7
                                                                                                                      7
                                                                                                                      7
                                                       o                                                     2        7
               1                                      111                                        2   2  2   1         7
            1  1            1111        111      111             111      111111111111211111111111111111111111        7
         1  1  1            1   1   o 11     111 1        111   11111   11                                    1       7
       o 1221221    o     1 1     o111           1              111111 11                                      122    7
11111111111111111111111111111111111111111111111111111111111111111111111111111111111111111111111111111111111111111111111